1.220275994778505719e+03
1.192348900771497028e+03
1.303900126305898084e+03
1.347139883158552948e+03
1.234695454164999319e+03
1.243607700209896393e+03
1.263810298023709720e+03
1.185516292334439413e+03
1.221428038804772314e+03
1.281078402868354715e+03
1.264360219286167194e+03
1.262877707186429234e+03
1.390721902858734666e+03
1.284328810750819684e+03
1.325023610056116240e+03
1.267347734389896686e+03
1.339114936923938330e+03
1.249356942822954352e+03
1.199687906142412430e+03
1.376647308411683980e+03
1.328081149939702300e+03
1.344959635168084105e+03
1.300427647865567451e+03
1.361502527338460823e+03
1.194202310457596695e+03
1.307645549030927668e+03
1.294907924817098547e+03
1.199989375169296636e+03
1.307646756465187991e+03
1.254963856814874362e+03
1.202024844715030213e+03
1.221365383949678289e+03
1.275183215920285647e+03
1.310495696710532229e+03
1.223314079229660138e+03
1.202077490337637300e+03
1.303107519207952464e+03
1.114487155206283205e+03
1.196181713496382827e+03
1.363327791810687359e+03
1.291589746328633282e+03
1.241401268988100355e+03
1.308151060247538680e+03
1.321645278272025053e+03
1.402732296727364655e+03
1.396574266287576847e+03
1.175751813854899410e+03
1.164264952472798996e+03
1.310616897658230300e+03
1.189556540636553336e+03
1.301103068739889750e+03
1.207667760403338889e+03
1.221356918620354918e+03
1.285909665134430270e+03
1.214064393107379374e+03
1.347180560621849509e+03
1.208961470412009930e+03
1.147954152208424148e+03
1.364143130231911073e+03
1.331786528638628170e+03
1.253022205834163742e+03
1.358342376688978447e+03
1.169217592954677457e+03
1.284925676402738418e+03
1.249620536130234541e+03
1.394175331078070030e+03
1.188639948125706951e+03
1.274877150132815586e+03
1.241012657849013976e+03
1.205336376435680904e+03
1.293280420204868051e+03
1.236771811194702195e+03
1.170093622814346418e+03
1.266167888286256584e+03
1.238536585422522876e+03
1.183393310162602802e+03
1.342995537839661665e+03
1.171437557201958498e+03
1.299487678416024437e+03
1.111534695216807449e+03
1.279210555854928543e+03
1.254922663017866853e+03
1.286819587049833444e+03
1.301849542305597424e+03
1.084052585662590900e+03
1.325706526025604489e+03
1.190515062989401031e+03
1.289860321882042626e+03
1.180624131944095097e+03
1.302277110082679428e+03
1.278887624408239390e+03
1.266063275327097926e+03
1.237760911812589256e+03
1.323206831861031560e+03
1.436510990842747333e+03
1.388140643976717911e+03
1.237263210550035637e+03
1.251702337328654039e+03
1.269671597932812347e+03
1.090004836762055675e+03
