2.499999999999861444e+00
2.499999999999857447e+00
2.499999999999854339e+00
2.499999999999801936e+00
2.500000000000094147e+00
2.499999999999906297e+00
2.500000000000016875e+00
2.500000000000043521e+00
2.500000000000107914e+00
2.500000000000123901e+00
2.499999999999859224e+00
2.500000000000034639e+00
2.500000000000158540e+00
2.500000000000006661e+00
2.500000000000119904e+00
2.500000000000127898e+00
2.500000000000023537e+00
2.500000000000171418e+00
2.500000000000170974e+00
2.500000000000165645e+00
2.500000000000021760e+00
2.500000000000156763e+00
2.500000000000027089e+00
2.500000000000073275e+00
2.499999999999894751e+00
2.499999999999813927e+00
2.500000000000238920e+00
2.500000000000094147e+00
2.499999999999872102e+00
2.499999999999919176e+00
2.499999999999815703e+00
2.499999999999985789e+00
2.499999999999890310e+00
2.499999999999927169e+00
2.499999999999873879e+00
2.500000000000115019e+00
2.500000000000253575e+00
2.499999999999962252e+00
2.500000000000010658e+00
2.499999999999964917e+00
2.499999999999965805e+00
2.499999999999967137e+00
2.499999999999874323e+00
2.499999999999936495e+00
2.499999999999854783e+00
2.500000000000238032e+00
2.499999999999754863e+00
2.499999999999956923e+00
2.499999999999811706e+00
2.499999999999945821e+00
2.500000000000124345e+00
2.500000000000028866e+00
2.499999999999960476e+00
2.499999999999966249e+00
2.500000000000202061e+00
2.499999999999958700e+00
2.499999999999867217e+00
2.499999999999988454e+00
2.500000000000099032e+00
2.499999999999858780e+00
2.500000000000115907e+00
2.499999999999805045e+00
2.500000000000123901e+00
2.499999999999993339e+00
2.499999999999612310e+00
2.499999999999844569e+00
2.499999999999966249e+00
2.500000000000379696e+00
2.500000000000472955e+00
2.499999999999921840e+00
2.500000000000021760e+00
2.499999999999939160e+00
2.500000000000092815e+00
2.499999999999901412e+00
2.500000000000131894e+00
2.499999999999916511e+00
2.500000000000230926e+00
2.500000000000171418e+00
2.499999999999930278e+00
2.499999999999717115e+00
2.500000000000144773e+00
2.500000000000022649e+00
2.499999999999815703e+00
2.499999999999875655e+00
2.500000000000048406e+00
2.499999999999920064e+00
2.499999999999730882e+00
2.500000000000225153e+00
2.499999999999881428e+00
2.499999999999928502e+00
2.499999999999929834e+00
2.500000000000139444e+00
2.500000000000001776e+00
2.500000000000128342e+00
2.499999999999886313e+00
2.500000000000237144e+00
2.499999999999962697e+00
2.499999999999906741e+00
2.499999999999976019e+00
2.500000000000091926e+00
